panel a Spectral Index
All photons:
Times(s):3.2,31.6,316.2,3162.3,22360.7
Index:2.20068368e+00,1.95618859e+00,1.83654984e+00,1.69506708e+00,1.87165096e+00
error:6.98081083e-02,8.81706603e-02,1.32774177e-01,8.13548984e-02,1.40827006e-01
T90 photons subtracted:
Times(s):3.2,31.6,316.2,3162.3,22360.7
Index:1.82738390e+00,1.83710740e+00,1.80212489e+00,1.69506708e+00,1.87165096e+00
error:1.15754743e-01,9.90793428e-02,1.33158548e-01,8.13548984e-02,1.40827006e-01

panel b Ecut
All photons:
Times(s):3.2,31.6,316.2,3162.3
Ec_T0=[1.40524718e+04,2.39032006e+04,3.32235443e+04,3.55443821e+04]
Ec_T0_err=[5.14035591e+03,1.10103778e+04,2.55310139e+04,1.97723019e+04]
T90 photons subtracted:
Times(s):3.2,31.6,316.2,3162.3
Ec_T90=[1.18781553e+04,1.80426717e+04,3.01417777e+04,3.55443821e+04]
Ec_T90_err=[7.01681529e+03,7.72645147e+03,2.06448585e+04,1.97723019e+04]

